130 129 128 127 126 125 124 123 122 121 120 119 118 117 116 115 114 113 112 111 110 109 108 107 106 105 104 103 102 101 100  99  98  97  96  95  94  93  92  91  90  89  88  87  86  85  84  83  82  81  80  79  78  77  76  75  74  73  72  71  70  69  68  67  66  65  66  67  68  69  70  71  72  73  74  75  76  77  78  79  80  81  82  83  84  85  86  87  88  89  90  91  92  93  94  95  96  97  98  99 100 101 102 103 104 105 106 107 108 109 110 111 112 113 114 115 116 117 118 119 120 121 122 123 124 125 126 127 128 129 130 
129 128 127 126 125 124 123 122 121 120 119 118 117 116  #  114 113 112 111 110 109 108 107 106 105 104 103  #  101 100  #   98  97  96  95  94  93  #   93  #   #   88  87  86  85  84  #   82  81  #   #   78  77  #   #   76  #   72  71  70  69  68  67  66  65  64  65  66  67  68  69  70  #   72  73  74  75  76  77  78  79  80  #   84  83  84  85  86  87  #   89  90  91  92  #   94  95  #   97  98  99 100 101 102 103  #  105 106 107 108 109 110 111 112 113 114 115 116  #  118  #  122 121 122 123 124 125 126 127 128 129 
128 127 126 125 124 123 122  #   #  119 118 117 116 115 114 113  #  111 110  #  108 107 106 105 104 103 102 101 100  99  98  97  96  95  94  93  92  91  #   89  88  87  86  85  84  83  #   81  80  79  #   77  76  #   #   77  #   #   70  69  68  67  66  65  64  63  64  65  66  67  68  69  70  71  72  #   #   75  76  77  78  79  80  #   82  83  84  85  86  87  88  #   90  91  #   93  94  95  96  97  #   #  100 101 102 103 104 105 106 107  #   #  110 111  #  113 114 115 116 117  #  121 120 121 122 123 124  #   #   #  128 
127 126 125 124 123 122 121  #  121 120 119  #  115 114  #  112 111 110 109 108 107 106 105 104 103 102  #  100  99  98  97  96  95  94  93  92  91  90  89  #   87  86  #   84  83  82  81  80  79  78  77  76  75  #   .   #   71  70  #   68  67  66  65  64  63  62  63  64  65  66  67  68  69  70  71  #   73  74  75  76  77  #   81  82  81  82  83  84  #   86  87  88  89  90  91  92  93  94  95  96  97  98  99 100 101 102  #   #   #  106 107 108 109 110  #  112  #  114 115 116 117  #  119 120 121 122 123 124 125 126 127 
126 125 124 123 122 121 120 119 120 121 120  #  114 113 112 111 110 109  #  107 106 105 104  #  102 101 100  #   98  97  96  #   94  93  92  91  90  89  88  89  #   85  84  83  82  81  80  79  78  77  76  75  74  73  #   71  70  69  68  67  66  65  64  63  62  61  62  63  64  65  66  67  68  69  70  #   72  73  74  75  76  77  #   81  80  81  82  83  84  85  86  87  88  89  90  91  92  93  #   95  96  #   98  99 100 101 102 103 104 105 106 107  #  109 110 111 112 113 114 115 116 117 118 119 120 121 122  #  124 125 126 
125 126 125  #  121  #  119 118  #  122  #  114 113 112 111 110 109 108 107 106 105 104 103 102 101 100  99  98  97  96  95  94  93  92  91  90  89  88  87  #   85  84  83  82  81  #   #   78  77  76  75  74  73  72  71  #   69  68  67  66  65  64  63  62  #   60  61  62  63  64  65  66  67  68  69  70  71  72  73  74  75  76  77  #   79  #   81  82  83  84  #   #   87  88  89  90  91  92  93  94  95  96  97  98  99  #  101  #   #  104 105 106  #  108 109 110 111 112 113  #   #   #  117 118 119 120 121 122 123 124 125 
124 125  #  121 120 119 118 117 116  #  114 113 112 111 110 109 108 107 106  #  104 103 102 101 100  99  98  97  96  95  94  #   92  91  92  91  #   87  86  85  84  83  #   81  80  79  78  77  76  75  74  73  72  #   70  69  68  67  66  65  64  63  62  61  60  59  60  61  62  63  64  65  66  67  68  69  70  71  72  73  74  75  76  77  78  79  80  #   82  83  84  85  86  87  88  89  90  91  92  93  94  95  96  97  98  #  100 101 102 103 104 105 106 107 108 109 110 111  #  113 114  #  116 117 118 119 120 121  #   #  124 
123  #   #  120 119 118  #  116 115 114  #  112 111 110 109  #  107 106 105 104 103 102 101 100  99  98  97  96  95  94  93  92  #   90  #   92  #   86  85  84  83  82  #   80  79  78  77  76  75  74  73  72  71  70  69  68  67  66  65  64  63  62  61  60  59  58  59  60  61  62  63  64  65  66  67  68  69  70  71  72  73  74  75  76  77  78  79  80  81  82  83  84  85  #   87  88  89  #   91  92  93  94  95  #   97  98  99  #  101 102  #  106 105 106 107 108 109 110 111 112 113 114 115 116 117 118  #   #  121 122 123 
122 121 120 119 118 117 118  #  114 113 112 111 110 109 108 107 106 105 104 103 102  #  100  #   98  97  #   95  94  93  92  91  90  89  88  #   86  #   84  83  82  81  80  79  78  77  76  75  76  #   74  #   70  69  68  67  66  65  64  63  62  61  60  59  #   57  58  #   60  61  62  63  64  65  66  67  68  69  70  #   #   73  #   75  76  77  78  #   #   83  82  83  84  85  86  87  88  89  90  91  #   95  96  95  96  97  98  99 100 101  #  105 104  #  106 107 108 109 110  #  112 113 114 115 116 117 118 119 120 121 122 
121 120 119 118 117 116  #  114 113 112 111 110 109  #  107 106 105 104 103 102 101 100  99  98  97  96  95  94  93  #   91  90  89  88  87  86  85  84  #   82  81  80  79  80  #   76  75  74  #   #   75  #   69  68  67  66  65  64  63  62  61  60  59  58  57  56  57  58  59  60  61  62  63  64  65  66  67  68  69  #   73  72  73  74  #   76  77  #   .   #   81  82  83  84  85  86  #   90  91  92  93  #   95  94  95  96  97  #   99 100 101  #  103 104 105 106  #  110 109 110 111 112 113 114 115 116  #  118 119 120 121 
120 119 118 117 116 115 114 113 112 111 110 109 108 107 106 105 104 103  #   #  100  #   98  97  96  95  94  93  92  #   90  89  88  87  86  #   84  83  82  81  80  79  78  #   76  75  74  73  72  71  #   69  68  67  66  65  64  63  62  61  60  59  #   59  #   55  56  57  58  59  60  61  62  63  64  65  66  67  68  69  #   71  72  73  74  75  #   77  #   #   80  81  #   83  84  85  86  #   92  93  94  93  #   93  94  95  96  97  98  99 100 101 102 103 104 105 106  #  108  #  110 111  #  113 114 115  #  117 118 119 120 
119 118 117 116 115 114 113 112 111 110 109  #  107 106 105 104 103 102 101 100  99  98  #   96  95  94  93  92  91  90  89  88  87  86  85  84  83  82  81  80  79  78  77  76  75  #   73  72  71  70  69  68  67  66  65  64  63  62  61  #   59  58  57  #   #   54  55  56  57  58  59  #   #   62  63  64  65  66  67  68  69  70  71  72  73  74  75  76  #   80  79  80  81  82  83  84  #   #   93  94  93  92  91  92  93  #   97  98  97  98  99 100 101  #  103 104  #  108 107 108 109  #  111 112 113 114 115 116 117 118 119 
118 117 116 115 114  #  112 111 110 109 108 107 106 105 104 103 102 101 100  99  98  97  96  95  #   93  92  91  90  89  88  87  86  85  84  85  84  #   80  79  78  #   76  75  74  73  72  71  70  #   68  67  66  65  64  63  62  61  60  59  58  #   56  55  54  53  54  55  56  #   58  59  60  61  62  63  64  65  66  67  68  69  70  71  72  73  #   75  76  #   78  79  80  #   82  83  84  85  #   93  92  91  90  91  92  93  #   #   96  97  98  #  100 101 102 103 104  #  106 107 108 109 110 111 112 113  #  115 116 117 118 
117 116 115  #  113 112 111 110 109 108 107 106 105 104 103  #  101 100  99  98  97  96  95  94  93  92  91  90  89  88  #   #   85  84  83  #   #   80  79  78  77  78  #   74  #   72  73  #   69  68  67  66  65  64  63  62  61  60  59  58  57  56  57  #   53  52  53  54  55  56  57  58  59  60  61  62  63  64  65  66  67  68  69  70  #   72  73  74  75  76  77  78  #   80  81  #   85  84  #   92  91  90  89  90  #   92  93  #   95  96  97  #   99 100 101 102 103 104 105 106 107 108 109 110 111  #  113 114  #  116 117 
116  #  114 113 112 111 110 109  #  107 106 105 104 103 102 101 100  99  98  97  96  95  94  93  92  91  90  89  88  87  86  85  #   83  82  81  80  79  78  #   76  #   74  73  #   71  #   69  68  67  66  65  64  63  62  61  60  59  58  57  56  55  #   53  52  51  52  53  54  55  56  57  58  59  60  61  62  63  64  65  66  67  68  69  70  71  72  73  74  75  76  77  78  79  #   81  #   83  84  #   90  89  88  89  90  91  #   93  94  95  96  97  98  99 100 101 102  #  106 107 106 107  #  109 110 111 112  #  114 115 116 
115 114 113 112 111 110 109 108 107 106  #  104 103 102 101 100  99  98  97  #   95  94  93  92  91  90  89  88  87  #   #   84  #   82  81  80  #   78  77  76  75  74  73  72  71  70  69  68  67  66  65  64  63  62  61  60  59  58  #   56  55  54  53  52  51  50  #   52  53  54  #   56  57  58  59  60  61  62  63  64  65  66  67  68  69  70  #   72  73  74  #   76  77  #   79  80  81  82  83  84  #   88  87  #   89  #   93  92  93  94  95  96  97  98  #  100 101 102  #  106 105 106  #  108 109 110 111 112 113 114 115 
114  #   #  111 110 109 108 107  #  105 104  #  102 101 100  99  98  97  96  95  94  93  92  91  90  89  88  #   86  85  84  83  82  81  80  79  78  77  76  75  74  73  72  71  70  69  68  67  66  65  64  63  62  61  60  59  #   57  56  55  54  53  52  51  50  49  50  51  52  53  #   55  56  57  58  59  60  61  62  63  64  65  66  67  68  69  70  71  72  #   74  75  76  77  78  #   80  81  82  #   84  #   86  87  88  89  #   91  92  93  94  95  96  #   98  99 100 101 102  #  104 105 106 107 108 109 110 111 112 113 114 
113 112 111 110  #  108 107 106  #  104 103  #  101  #   #   98  #   96  95  94  93  92  91  90  89  #   87  86  #   84  83  82  81  80  79  78  77  76  75  74  73  72  71  70  69  68  67  66  65  64  63  62  61  60  59  58  57  58  #   54  53  52  51  50  49  48  49  50  51  52  53  54  55  #   57  58  59  60  #   62  63  64  65  66  67  68  69  70  71  72  73  #   75  76  77  78  79  #   81  82  83  84  85  #   87  #   89  90  91  #   93  94  95  #   97  98  99 100 101 102 103  #  105 106 107 108  #  110  #  112 113 
112 111 110 109 108 107  #  105 104 103 102 101 100  99  #   97  96  #   94  93  92  91  90  89  88  89  #   85  84  83  82  81  80  79  78  77  76  75  #   #   72  71  70  69  68  67  66  65  64  63  62  61  #   59  58  57  56  57  #   #   52  51  50  #   #   47  48  49  50  51  52  53  54  55  56  57  58  59  #   61  62  63  64  65  66  67  68  #   70  71  72  73  74  75  76  77  78  79  80  81  82  83  84  85  86  87  88  89  #   91  92  93  94  95  96  #  100  99 100 101 102 103 104  #  106 107 108 109 110 111 112 
111  #  109 108 107 106 105 104  #  102 101 100  99  98  97  96  95  94  93  92  91  #   89  88  87  #   85  84  #   82  83  #   79  78  #   #   75  74  73  72  71  70  69  68  67  66  65  64  63  62  61  60  59  58  #   56  55  56  #   52  51  50  49  48  47  46  47  48  49  50  51  52  53  54  #   56  57  58  59  60  61  62  63  64  65  66  67  68  69  70  #   72  73  74  75  76  77  78  79  80  81  82  83  84  #   88  89  #   89  90  #   92  #   #   95  96  #   98  99 100 101 102 103  #  105 106  #  108 109 110 111 
110 109 108 107 106 105 104 103 102 101 100  99  #   97  96  95  94  93  92  91  90  89  88  87  86  87  #   83  82  81  #   79  78  77  76  75  74  73  #   71  70  69  68  67  66  65  64  63  62  #   60  59  58  57  #   55  54  #   #   51  50  49  48  #   46  45  46  #   48  49  50  #   52  #   54  55  56  57  58  #   60  61  62  63  64  65  66  67  68  69  70  71  72  73  #   75  76  77  #   79  80  81  82  #   #   89  88  87  88  89  90  91  92  93  94  95  96  97  98  99 100 101 102 103 104 105 106 107 108 109 110 
109 108 107  #   #  104 103 102  #  100  99  98  97  96  95  94  #   92  91  90  89  88  87  86  85  #   .   #   81  80  79  #   77  76  75  76  #   72  71  70  #   68  67  66  65  64  63  62  61  60  59  58  57  56  55  54  53  52  51  50  49  48  47  46  45  44  45  46  47  48  49  50  51  #   53  54  55  56  57  #   59  #   61  62  63  64  65  66  67  68  #   72  73  72  73  74  75  76  #   78  79  80  81  82  #   88  87  86  87  88  89  90  91  92  93  94  95  96  97  98  99 100 101 102 103 104 105 106 107 108 109 
108  #  106 105 104 103 102 101  #   99  98  97  96  95  94  93  #   91  90  89  #   #   86  #   84  83  #   #   80  79  78  77  76  75  74  #   72  71  70  69  68  67  66  65  64  63  62  61  60  59  58  57  56  55  54  53  52  51  50  #   50  #   46  45  44  43  44  #   48  49  48  49  50  51  52  53  54  55  56  57  58  59  60  61  62  63  64  65  66  67  68  #   72  71  72  73  74  #   76  77  78  79  80  81  82  #   86  85  86  87  88  89  90  91  92  #   94  95  96  97  98  99 100 101 102 103  #  105  #  107 108 
107 106 105 104 103 102 101 100  99  #   97  96  95  94  93  92  91  90  89  88  87  #   85  84  83  82  81  80  79  78  77  76  75  74  73  72  71  70  69  68  67  66  65  64  63  62  61  60  59  #   57  56  55  54  53  52  51  50  49  #   #   46  45  44  43  42  43  44  #   48  47  48  49  50  51  #   #   54  55  #   57  58  59  60  61  62  63  64  65  66  67  68  #   70  71  #   73  74  75  76  77  78  79  80  81  #   85  84  85  86  87  88  89  #   91  92  93  94  #   98  97  98  99 100 101 102 103 104 105 106 107 
106 105 104 103 102 101 100  99  98  97  96  95  94  93  92  91  90  89  88  87  86  85  #   83  82  81  80  #   #   77  76  75  74  73  72  71  70  69  68  67  66  65  64  63  62  63  62  #   58  57  56  55  54  53  52  #   50  49  48  47  46  45  44  43  42  41  #   45  46  #   46  47  48  #   50  #   #   53  #   55  56  57  58  59  60  61  62  63  64  65  66  67  68  69  70  71  72  73  74  75  #   77  #   79  80  81  #   83  84  85  86  #   88  89  90  91  92  93  94  #   96  97  98  99 100 101 102  #   #  105 106 
105 104  #   #  101  #   #   98  97  96  95  94  93  92  91  90  89  90  #   86  85  84  83  #   81  80  79  #   77  76  75  #   73  72  #   70  #   68  67  66  65  64  63  62  61  #   #   58  57  56  55  54  #   52  51  50  49  48  47  46  45  46  #   42  41  40  #   46  45  44  45  46  47  #   49  #   51  52  53  54  55  56  57  58  #   60  61  62  63  64  65  66  67  68  69  70  71  72  73  74  75  76  77  78  79  80  81  82  83  84  85  86  87  88  #   90  91  92  #   96  95  96  97  98  99 100 101 102 103 104 105 
104 103 102 101 100  99  98  97  96  97  96  #   #   #   90  89  88  #   86  85  #   #   82  81  80  79  78  #   76  75  74  73  72  71  70  69  68  67  66  65  64  63  62  61  60  59  58  57  56  55  54  53  52  51  50  49  48  47  46  45  44  45  #   41  40  39  40  #   #   43  44  45  46  47  48  49  50  #   54  #   56  55  56  57  #   59  60  61  62  63  64  65  66  67  68  69  70  71  72  #   74  75  76  #   78  79  #   #   82  83  84  85  86  #   88  89  90  91  92  #   94  95  96  97  98  99  #  101 102  #  104 
103 102 101 102  #   98  97  96  95  #   #   92  #   90  89  88  87  86  85  84  83  #   81  80  79  78  77  78  77  76  75  #   #   70  69  68  67  66  65  64  63  62  61  60  59  58  57  56  #   54  53  52  51  50  49  48  47  46  45  44  43  #   41  40  39  38  #   40  41  42  43  44  45  46  47  48  49  #   55  56  55  54  55  56  57  58  59  60  61  62  63  64  65  66  67  68  69  70  71  #   73  74  75  76  77  78  79  80  81  82  83  84  85  86  87  88  #   90  #   92  93  94  95  96  97  98  99 100 101 102 103 
102  #  100 101  #   #   96  #   94  93  92  91  #   89  88  87  86  85  84  83  82  81  80  79  78  77  76  77  #   #   74  #   70  69  68  67  66  65  64  63  62  61  60  59  58  #   56  55  #   53  52  51  50  49  48  47  46  45  44  43  42  41  40  #   38  37  38  39  40  41  #   #   #   45  46  47  48  49  #   57  #   53  54  55  56  57  58  59  60  61  62  63  64  65  66  67  68  69  70  71  72  73  74  #   78  77  78  79  80  #   #   83  84  85  86  87  88  89  90  91  #   #   94  95  96  97  98  99 100  #  102 
101 100  99  #   97  96  95  94  93  92  91  90  89  88  87  86  #   84  83  82  81  80  79  78  #   76  75  #   73  72  73  #   69  68  67  66  65  64  63  62  63  62  61  #   57  56  55  54  53  52  51  50  #   48  47  46  45  #   43  42  41  40  39  38  #   36  37  38  39  40  41  42  43  44  45  46  47  48  49  #   51  52  53  54  55  56  57  58  59  60  61  62  63  64  65  66  67  68  69  70  71  #   73  74  #   76  77  78  79  80  81  82  83  84  85  86  87  88  89  90  91  92  93  94  95  96  97  98  99 100 101 
100  #   98  97  96  95  94  93  92  91  90  89  88  87  86  85  84  83  82  81  80  #   78  77  76  75  74  73  72  71  #   69  68  67  66  65  64  63  62  61  #   63  #   57  56  55  54  53  52  51  50  49  48  47  46  45  44  43  42  41  #   39  38  37  36  35  36  37  38  39  40  41  42  #   44  45  46  47  48  49  50  51  52  53  54  55  #   57  #   59  60  61  62  63  64  65  66  67  68  69  70  71  72  73  74  75  76  #   78  79  80  #   84  83  84  85  #   89  90  91  90  #   92  93  94  95  96  97  98  99 100 
 99  98  97  96  95  94  93  #   91  90  #   88  87  86  85  84  83  82  81  #   79  78  77  76  75  74  73  72  71  70  #   68  67  66  65  64  63  62  61  60  59  #   .   #   55  54  53  52  51  #   49  48  #   #   45  44  43  42  41  40  39  40  39  #   35  34  35  36  37  38  39  40  41  42  43  44  45  46  #   48  49  50  51  52  53  #   57  56  57  58  59  60  61  62  63  64  65  66  67  68  69  70  71  72  73  74  75  76  77  78  #   #   83  82  83  84  85  #   91  #   89  90  91  92  93  94  95  96  97  98  99 
 98  97  96  95  94  93  92  91  90  89  90  89  #   85  84  83  82  81  80  79  78  77  76  75  74  73  72  71  70  69  68  67  66  65  64  63  62  61  60  59  58  57  #   #   #   53  52  51  50  49  48  47  46  #   44  43  42  41  40  39  38  39  40  #   34  33  34  #   36  37  38  39  40  41  #   43  44  45  #   47  #   49  50  51  52  53  #   55  56  57  58  59  60  61  62  63  64  65  66  67  68  69  #   71  72  73  74  #   #   77  78  79  #   81  82  83  84  #   #   87  88  #   #   91  92  93  94  #   96  97  98 
 97  96  95  94  #   92  91  90  #   88  #   #   85  84  83  82  81  80  79  #   77  #   75  74  73  72  71  70  69  68  67  66  65  64  63  62  #   #   59  58  57  56  55  54  53  52  51  50  49  48  47  46  45  44  43  42  #   #   #   38  37  #   #   34  33  32  33  34  35  #   37  38  39  40  41  42  43  44  #   46  47  48  49  50  #   52  #   54  55  56  57  58  59  60  61  62  63  64  65  66  67  68  69  70  71  72  #   74  75  76  #   78  79  80  81  82  83  #   85  86  87  88  89  90  91  92  #   94  95  #   97 
 96  95  94  93  92  91  90  89  88  87  86  85  86  85  #   #   80  79  78  #   76  75  74  73  #   #   70  69  68  67  66  65  64  63  62  61  60  59  58  57  56  55  #   #   #   51  50  49  48  #   #   #   44  #   42  41  40  #   38  37  36  35  34  33  32  31  #   33  34  35  36  37  #   39  40  41  42  43  44  45  46  47  48  49  50  51  52  53  54  55  56  #   58  59  60  61  62  63  64  65  66  67  68  69  70  71  #   73  74  75  #   77  78  79  80  81  #   83  84  85  #   87  88  89  90  91  92  93  94  95  96 
 95  94  #   #   91  90  89  88  87  86  #   84  #   #   81  80  79  78  77  76  #   #   73  72  71  72  #   68  67  66  65  64  63  62  63  #   59  58  57  #   55  54  #   52  51  50  #   48  47  46  45  44  43  42  41  40  39  38  37  #   35  34  33  #   31  30  31  32  #   34  35  #   37  38  39  40  41  42  43  44  45  46  47  48  49  #   51  52  53  54  55  56  57  58  #   60  61  62  63  64  65  66  67  68  69  70  71  72  73  74  75  76  77  #   79  80  81  82  83  84  85  86  #   88  89  90  91  92  93  94  95 
 94  93  #   91  90  89  88  87  86  85  84  83  82  81  80  79  78  77  76  75  74  73  72  #   70  #   68  67  66  65  64  63  62  61  #   59  58  57  56  #   54  53  52  51  50  49  48  47  46  45  44  43  42  41  40  39  38  37  36  35  34  #   32  31  30  29  30  31  32  33  34  35  36  37  #   41  40  41  42  43  44  #   46  47  48  #   50  51  52  53  54  #   #   57  58  59  60  61  62  63  64  65  66  67  68  69  #   71  72  73  74  75  76  77  78  79  80  #   82  83  84  85  86  87  88  89  90  91  #   95  94 
 93  92  91  90  89  88  87  86  85  #   83  82  81  #   #   78  77  #   75  74  73  72  71  70  69  68  67  66  65  64  63  62  61  60  59  58  57  56  55  54  53  52  #   50  #   #   47  46  45  44  43  #   41  40  39  38  37  36  35  34  33  32  31  30  29  28  29  #   31  32  #   #   35  36  37  #   39  40  41  42  43  #   45  46  #   48  49  50  51  52  53  54  55  56  57  58  59  60  61  62  63  64  65  66  67  68  69  70  71  72  73  74  75  #   77  78  79  #   81  82  #   #   85  #   87  88  89  90  91  #   93 
 92  91  90  89  88  87  86  85  84  83  82  81  80  79  78  77  76  75  74  73  72  71  70  #   68  67  66  65  64  63  62  63  #   59  #   57  56  55  54  53  52  51  50  49  #   49  48  #   44  43  42  41  40  39  38  #   #   35  34  33  32  31  30  29  28  27  28  29  30  31  32  33  34  35  36  37  38  39  40  41  42  43  44  #   46  47  #   49  50  51  52  53  #   55  56  57  58  59  60  61  62  63  64  65  66  67  68  69  70  71  72  #   #   75  76  77  78  79  80  81  82  83  84  85  86  87  88  89  90  91  92 
 91  90  89  88  87  86  85  84  83  82  81  80  79  78  77  #   75  74  73  72  71  70  69  68  67  66  65  64  63  62  61  #   59  58  57  #   55  54  53  52  51  50  49  48  47  #   #   44  43  42  41  40  39  #   37  36  35  34  33  32  31  30  29  #   27  26  #   28  29  30  31  32  33  #   35  36  #   38  39  40  41  42  43  44  45  46  #   48  49  50  51  #   55  54  55  56  57  58  59  60  61  62  63  64  65  66  67  68  69  70  71  #   75  74  #   76  #   78  79  80  #   #   #   84  85  86  87  88  89  90  91 
 90  89  #   87  #   85  84  83  #   83  82  #   78  77  76  75  74  73  #   #   70  69  68  67  66  65  64  63  62  61  60  59  58  57  56  55  54  53  52  51  50  49  48  #   46  45  46  #   42  41  40  39  38  37  #   35  34  33  32  31  30  29  28  27  26  25  26  27  28  #   30  31  32  33  34  35  36  37  38  39  40  41  42  43  44  45  46  47  48  49  50  51  #   53  54  #   56  57  58  59  60  61  62  63  64  65  66  67  68  69  70  #   #   73  74  75  76  77  78  79  80  81  82  83  84  85  86  87  88  89  90 
 89  88  87  86  85  84  83  82  81  82  83  #   77  76  75  74  73  72  71  70  69  68  67  66  65  64  63  62  61  #   59  58  57  56  55  #   53  52  51  50  49  48  47  46  45  44  #   #   41  40  39  38  37  36  35  34  33  #   31  30  29  28  27  26  25  24  25  26  #   28  29  30  31  32  #   34  35  36  37  38  39  40  41  42  43  44  45  #   47  48  49  50  #   52  53  54  55  56  57  58  59  60  61  62  63  64  65  66  67  68  69  70  71  72  73  74  75  76  #   78  79  80  81  82  #   84  85  86  87  88  89 
 88  87  86  85  84  83  82  81  80  #   84  85  #   #   74  73  72  73  #   69  68  67  66  65  64  63  62  61  60  59  58  57  56  #   54  53  52  #   50  49  48  47  46  45  44  43  42  41  #   39  38  37  36  35  34  #   32  31  #   29  #   27  #   25  24  23  24  25  26  27  28  29  30  #   32  33  #   35  36  37  38  #   40  41  42  43  44  45  46  47  48  49  50  51  #   #   54  55  #   57  58  59  60  61  62  63  64  65  66  67  68  #   70  71  72  73  74  75  76  77  #   79  #   81  82  83  84  #   86  87  88 
 87  86  85  84  83  #   83  #   79  78  #   #   #   74  73  72  71  #   69  68  67  66  65  64  63  62  63  #   59  58  57  #   55  54  53  52  51  #   49  48  47  46  45  44  43  42  #   40  41  #   37  36  35  34  33  #   #   30  29  28  #   26  25  24  23  22  23  #   25  26  27  28  29  30  31  32  33  34  35  36  37  38  39  40  41  #   #   46  45  46  47  48  49  50  51  52  53  54  55  56  57  58  #   60  61  62  63  64  65  66  67  68  69  70  71  72  73  74  75  #   77  78  79  80  81  #   83  84  85  86  87 
 86  85  84  83  82  81  82  #   78  77  76  75  #   73  72  71  70  69  68  67  66  65  64  63  62  61  62  #   60  #   56  55  54  #   52  51  50  49  48  47  46  47  #   43  42  41  40  39  #   37  36  35  34  33  32  31  30  29  28  27  26  25  24  23  #   21  22  #   24  25  #   27  28  29  30  31  32  33  34  35  36  37  38  39  40  41  42  #   44  45  46  47  48  49  50  51  52  #   56  55  56  57  58  59  60  61  62  63  64  65  66  67  68  69  70  71  72  #   #   75  76  77  78  79  #   83  82  83  84  85  86 
 85  84  83  82  81  80  #   78  77  76  #   74  73  72  71  70  69  68  67  66  65  64  63  62  61  60  61  62  #   56  #   54  53  52  51  50  49  48  47  46  45  46  #   42  #   40  39  38  37  36  35  34  33  32  31  30  29  28  27  26  25  24  23  22  21  20  21  22  23  24  25  26  27  28  29  30  31  32  #   34  #   36  #   #   39  40  41  42  43  44  45  #   47  48  49  50  51  52  #   54  55  56  #   58  59  #   61  62  63  64  65  66  67  68  69  70  71  72  73  74  75  76  77  78  79  #   81  #   #   84  85 
 84  83  #   81  80  79  78  77  76  75  74  73  72  71  #   69  68  67  66  65  64  63  62  #   60  59  60  #   56  55  56  #   52  51  50  49  48  #   46  45  44  #   42  41  40  39  38  37  36  #   34  33  32  31  30  29  28  27  #   #   24  23  22  #   20  19  20  21  22  23  24  #   26  27  28  29  30  31  32  33  34  35  36  37  38  39  40  41  42  43  44  45  46  47  48  49  50  51  52  53  54  55  56  57  58  59  60  #   62  63  64  65  66  67  68  69  70  71  #   73  74  75  76  77  78  79  80  81  82  83  84 
 83  82  81  80  79  78  #   76  75  #   73  72  #   70  69  68  67  66  65  64  63  62  61  #   59  58  #   56  55  54  #   52  51  50  49  48  47  #   45  44  43  42  41  40  39  38  37  36  35  34  33  34  #   30  29  #   27  26  25  24  #   22  21  20  19  18  #   20  #   22  23  24  25  #   27  28  29  30  31  32  33  34  #   38  #   #   #   42  43  44  43  44  45  46  #   48  49  #   51  #   55  54  55  56  57  58  59  60  61  62  63  64  65  66  67  68  69  70  71  72  73  #   75  76  77  #   79  80  81  82  83 
 82  81  #   79  78  77  76  75  74  73  72  71  70  69  68  67  66  65  64  63  62  #   60  59  #   57  56  55  54  53  52  51  52  #   48  47  46  #   44  43  42  41  40  39  38  37  36  35  #   33  32  #   30  #   28  27  26  27  #   23  22  21  20  19  18  17  18  19  20  21  #   23  #   25  26  27  #   29  30  31  #   35  36  #   36  37  #   41  #   43  42  43  44  45  46  47  48  #   50  51  #   53  54  55  56  57  58  59  #   #   62  63  64  65  66  67  68  69  70  71  72  73  74  75  76  77  78  79  80  #   82 
 81  80  #   78  77  76  75  74  73  #   #   70  69  68  67  66  65  64  63  62  61  60  59  58  #   56  55  54  53  52  51  50  51  52  #   46  45  44  43  42  41  #   39  #   #   36  35  34  #   #   31  #   29  #   27  26  25  #   23  22  21  20  19  18  17  16  17  18  19  #   21  22  23  24  25  26  27  28  29  #   31  #   #   34  35  36  #   40  39  #   41  42  43  44  45  #   49  50  49  #   51  52  53  54  #   56  57  58  59  60  61  62  63  64  65  66  67  68  69  70  71  72  73  74  75  76  77  78  79  80  81 
 80  79  78  77  76  75  74  73  72  71  70  69  68  67  66  65  64  63  62  61  60  59  58  57  56  55  54  53  52  51  50  49  #   #   46  45  44  43  42  41  40  39  38  37  36  35  #   33  32  #   30  29  28  27  26  25  24  23  22  21  20  19  18  #   16  15  16  17  18  19  20  21  22  23  24  #   26  27  28  29  30  31  32  33  #   35  #   #   38  39  40  41  42  43  44  #   50  #   48  49  50  #   54  53  #   55  56  57  #   61  #   63  62  63  64  65  66  67  68  #   70  71  72  73  74  75  76  #   78  79  80 
 79  78  77  76  75  74  73  72  71  70  69  68  67  66  65  64  63  62  61  60  59  58  57  56  55  56  #   52  51  50  49  48  47  46  45  44  43  42  41  40  39  38  37  36  35  34  33  32  31  30  29  28  #   26  25  24  23  22  21  20  19  18  17  #   15  14  15  16  #   18  19  20  21  22  #   24  25  26  27  28  29  #   31  #   33  34  35  36  37  38  39  #   41  #   43  44  #   46  47  48  49  50  #   52  53  54  55  56  #   60  59  #   61  62  63  64  65  66  67  68  69  70  71  72  73  74  75  76  77  #   79 
 78  77  76  #   74  73  72  71  70  69  68  67  66  65  64  63  62  #   60  61  60  #   56  55  54  #   54  53  52  #   48  47  48  #   44  43  42  41  42  #   38  37  36  35  34  33  32  31  30  #   28  27  26  25  24  23  22  21  20  19  18  17  16  15  14  13  14  #   18  17  18  #   #   23  22  23  24  25  #   27  28  29  30  31  32  33  34  35  36  37  38  39  40  41  42  43  44  45  46  47  48  #   52  51  52  53  54  #   56  #   58  #   60  61  62  63  64  65  66  67  68  #   #   71  72  73  74  #   78  77  78 
 77  76  75  74  73  #   71  70  69  68  67  66  65  64  63  62  61  #   59  #   #   56  #   54  53  54  #   52  53  54  #   46  #   44  #   42  41  40  41  #   37  36  35  34  33  32  #   30  29  28  #   26  25  #   23  24  #   20  19  18  #   16  15  14  #   12  #   14  #   16  #   18  #   #   21  22  23  24  25  26  27  #   29  30  31  32  33  34  35  36  37  #   41  40  41  42  43  44  45  46  47  48  #   50  51  52  53  54  55  56  57  58  59  60  61  62  63  64  65  66  67  68  #   70  71  72  73  #   #   76  77 
 76  75  74  73  72  71  #   69  68  67  66  65  64  63  62  61  60  59  58  57  56  55  54  53  52  #   #   51  52  #   #   45  #   43  42  41  40  39  40  41  #   35  34  33  32  31  30  29  28  27  26  25  24  23  22  #   20  #   18  17  16  15  14  13  12  11  12  13  14  15  16  17  18  #   20  #   22  23  24  #   26  27  28  #   #   31  32  33  34  35  36  37  #   39  40  41  42  43  44  45  #   47  48  49  50  51  #   53  54  55  56  #   60  61  60  61  62  63  64  65  66  67  68  69  70  71  72  #   74  75  76 
 75  74  73  #   71  70  69  68  67  66  65  64  63  62  61  60  59  58  57  56  55  54  53  52  51  50  49  50  51  #   45  44  43  42  41  40  39  38  #   #   35  34  33  32  31  32  31  30  #   26  25  24  23  #   21  20  19  #   17  16  15  14  15  #   11  10  11  12  13  14  15  16  17  18  19  20  21  22  23  24  25  26  27  28  #   30  31  32  33  34  35  #   37  38  #   40  41  42  43  44  45  46  47  48  49  50  #   52  #   54  #   #   61  60  59  60  61  62  63  64  65  66  67  68  69  70  #   72  73  74  75 
 74  73  72  71  70  69  68  67  66  65  64  63  62  #   60  59  58  57  56  55  54  53  #   51  50  49  48  #   #   #   #   43  42  #   #   39  38  37  36  35  34  33  32  31  30  #   32  #   26  25  24  23  22  21  20  19  18  17  16  15  14  13  #   11  10  9   #   11  12  13  14  15  16  17  18  19  20  21  22  #   24  25  26  27  28  29  30  31  32  33  34  35  36  #   #   39  40  41  #   #   #   #   46  47  48  49  50  51  52  53  54  55  #   #   58  59  60  61  62  63  64  65  66  67  68  #   #   71  72  73  74 
 73  72  71  70  69  68  67  66  65  64  63  62  61  60  61  60  #   56  55  54  53  52  #   #   49  48  47  46  45  44  43  42  41  40  #   38  37  36  35  34  33  32  31  #   29  28  #   #   25  #   23  22  21  20  19  18  17  16  15  14  13  12  11  10  9   8   #   10  11  12  13  14  15  16  #   20  #   #   21  22  23  24  #   26  27  28  29  30  31  32  #   34  35  #   37  38  39  #   #   44  43  44  45  46  47  #   #   50  51  52  53  54  55  56  57  58  59  60  61  62  63  64  65  66  67  68  69  70  71  72  73 
 72  #   70  69  68  67  66  65  64  63  64  #   60  59  60  #   56  55  54  53  52  51  50  #   48  #   46  #   44  43  42  41  #   39  38  37  38  37  #   33  32  31  30  29  28  27  26  25  24  23  22  21  20  19  18  19  18  #   #   13  #   11  10  9   8   7   8   9   #   11  12  13  14  15  16  #   18  19  20  21  22  23  #   25  26  27  28  #   30  31  32  33  34  35  36  #   38  39  40  #   42  43  44  45  46  #   50  49  50  #   54  53  54  55  56  #   58  59  60  #   64  65  64  65  66  67  68  #   70  71  72 
 71  70  69  68  67  66  65  64  63  62  #   60  59  58  #   56  55  54  53  52  51  50  49  48  47  46  45  44  45  #   41  40  39  38  #   36  37  #   33  32  #   30  29  28  27  26  25  24  23  22  21  20  19  18  17  18  #   #   13  12  11  10  9   #   7   6   7   8   9   10  11  #   15  14  15  16  17  18  19  20  21  22  23  24  25  26  27  #   29  30  31  32  33  34  35  36  37  38  39  40  41  42  43  44  #   46  #   48  #   50  #   52  53  54  55  56  57  58  59  60  #   64  63  64  65  66  67  68  69  70  71 
 70  69  68  67  66  65  64  63  62  61  60  59  58  57  #   55  #   53  52  51  50  49  48  47  46  45  44  43  #   41  40  39  38  37  36  35  #   33  32  31  30  29  28  27  26  25  24  23  22  #   20  19  #   17  16  #   14  #   12  11  10  9   8   7   6   5   6   7   8   9   10  11  #   13  14  15  16  #   20  19  #   #   22  #   26  #   26  27  28  29  30  31  32  33  #   35  36  37  #   39  40  41  42  43  44  45  46  47  48  49  50  51  52  53  54  #   56  57  58  #   60  #   62  63  64  65  66  67  68  69  70 
 69  68  67  66  65  64  63  62  61  60  59  58  57  56  55  54  53  52  51  50  49  48  47  46  45  44  43  42  41  40  39  38  37  #   35  34  33  32  31  30  29  28  27  26  25  24  #   22  21  20  #   18  17  16  15  14  13  12  11  10  9   8   7   6   5   4   5   #   7   8   9   #   11  12  13  14  15  16  #   18  #   20  21  22  #   24  25  #   27  28  29  30  31  32  33  34  35  36  37  38  #   40  41  42  43  44  45  46  47  48  49  50  51  #   53  54  55  56  57  58  59  60  61  62  63  64  65  66  67  68  69 
 68  67  66  65  64  63  62  61  60  59  58  57  56  55  #   #   52  51  50  49  #   47  46  45  44  43  42  41  40  #   38  37  36  35  34  33  32  31  30  29  28  27  #   25  #   23  22  21  #   19  #   17  16  15  14  #   12  11  10  #   #   7   6   #   #   3   4   5   6   7   8   9   10  #   14  #   14  #   16  17  18  19  20  21  22  23  24  25  26  27  28  29  30  31  32  33  34  35  #   39  #   39  40  41  42  43  44  45  46  47  48  #   50  #   52  53  54  55  #   57  58  59  60  #   62  63  64  65  66  67  68 
 67  66  65  64  63  62  61  60  59  58  #   56  55  54  53  52  51  50  #   48  47  46  #   44  43  42  #   40  39  38  #   36  #   34  33  #   31  30  #   28  27  26  25  24  25  #   21  20  19  18  17  16  15  #   13  12  11  10  9   8   7   6   5   4   #   2   3   4   5   6   7   8   9   10  #   12  13  #   15  16  17  18  19  20  21  22  23  24  25  26  27  28  29  30  31  32  33  34  35  #   37  38  39  40  41  42  43  44  #   46  47  48  49  #   51  52  #   54  55  56  57  58  #   60  61  62  63  64  65  66  67 
 66  65  64  63  62  #   60  59  58  57  #   55  54  53  52  51  50  49  48  47  46  45  44  43  42  41  40  39  38  37  36  35  34  33  32  #   30  29  28  #   26  #   24  23  #   21  20  19  18  17  #   15  14  13  #   11  #   9   8   7   6   5   4   3   2   1   #   3   4   5   6   7   8   9   10  11  12  #   14  15  16  17  18  #   20  21  #   23  24  #   26  27  #   #   #   31  32  #   34  35  36  37  38  39  40  41  42  43  44  45  46  47  #   49  50  51  52  53  54  55  56  57  58  59  60  61  62  63  64  65  66 
 65  64  63  62  61  60  59  58  57  56  55  54  53  52  51  50  49  48  47  46  45  44  43  42  41  40  39  38  37  36  35  34  33  32  31  30  29  28  27  26  25  24  23  22  21  20  19  18  17  16  15  14  13  12  11  10  9   8   7   6   5   4   3   2   1   S   1   2   3   4   5   6   7   8   9   10  11  12  13  14  15  16  17  18  19  20  21  22  23  24  25  26  27  28  29  30  31  32  33  34  35  36  37  38  39  40  41  42  43  44  45  46  47  48  49  50  51  52  53  54  55  56  57  58  59  60  61  62  63  64  65 
 66  65  64  63  62  61  60  59  58  57  56  55  54  53  52  #   50  49  48  47  46  45  44  43  42  41  40  39  38  37  36  35  #   33  32  31  30  29  28  27  26  25  #   23  22  21  20  #   18  #   16  15  14  13  12  11  10  9   8   7   6   #   #   3   2   1   2   3   #   5   6   7   8   9   10  11  12  13  14  15  16  17  18  19  20  21  22  23  24  25  26  27  28  #   30  31  32  33  34  35  36  #   38  39  #   41  #   43  44  45  46  47  #   #   #   51  52  #   #   55  #   57  58  59  60  61  62  63  64  65  66 
 67  66  65  64  63  62  61  60  59  58  #   56  55  54  53  #   51  50  49  48  47  46  45  44  #   42  41  40  #   38  37  #   35  34  33  32  31  30  29  #   27  #   25  24  23  22  21  20  19  18  17  #   15  14  13  12  11  10  9   8   7   #   5   4   #   2   3   4   5   6   #   #   #   10  11  12  13  14  15  #   17  18  19  20  21  22  23  24  25  #   27  28  29  #   31  32  33  34  35  36  37  38  #   40  41  42  43  #   45  46  47  #   51  52  53  52  #   #   57  56  57  58  59  60  61  62  63  64  65  66  67 
 68  67  66  65  64  63  62  #   #   59  58  57  56  55  54  53  52  51  50  49  48  47  46  #   44  43  42  41  40  39  38  39  #   #   34  33  32  31  30  29  28  27  26  #   24  23  22  21  20  19  18  19  #   15  14  #   12  #   10  9   8   7   6   5   #   3   4   5   6   7   8   9   10  11  12  #   14  15  16  17  18  19  20  21  #   23  24  25  26  #   28  29  30  31  32  33  34  35  36  37  38  39  #   #   42  #   44  45  46  47  48  49  50  51  #   53  54  55  56  #   58  59  #   61  62  63  64  65  66  67  68 
 69  68  67  66  65  64  63  64  65  #   #   58  57  56  55  54  53  52  51  50  49  48  #   46  45  44  43  #   41  #   39  38  37  36  35  #   33  32  31  30  29  28  27  26  25  #   23  #   21  20  19  20  #   16  15  14  13  14  #   #   9   8   #   6   5   4   5   6   #   8   9   10  11  12  13  14  #   16  17  #   19  #   21  22  23  24  25  26  27  28  29  30  31  32  33  34  35  36  37  38  #   40  #   44  43  44  45  46  47  #   49  50  51  52  53  54  55  56  57  58  59  60  61  62  63  64  65  66  67  68  69 
 70  69  68  67  66  65  64  65  64  63  #   #   58  57  56  55  #   #   52  51  50  49  #   47  46  45  44  43  42  #   #   39  38  37  36  35  34  33  #   31  30  29  28  27  26  25  24  23  22  21  #   19  18  17  16  15  14  13  12  11  10  9   10  #   6   5   6   7   8   9   10  #   #   #   14  15  16  17  18  19  20  #   #   23  24  #   26  #   28  #   30  31  #   33  34  35  36  #   38  39  40  #   44  45  44  45  46  47  48  49  50  #   52  #   #   #   56  #   58  #   60  61  62  63  64  65  66  67  68  69  70 
 71  70  69  68  67  66  65  64  63  62  61  60  59  58  57  56  57  #   53  #   51  50  49  48  47  46  45  44  43  44  #   40  39  38  #   36  35  34  #   32  31  30  29  28  27  26  25  #   23  22  21  20  19  18  17  16  #   14  13  #   #   #   9   8   7   6   7   8   9   10  11  12  13  14  15  16  #   18  19  20  21  #   25  24  25  26  27  28  29  30  31  32  33  34  #   36  37  38  39  40  41  42  43  44  #   46  47  48  49  50  51  52  #   60  #   58  57  58  59  #   #   62  63  64  65  66  67  68  69  70  71 
 72  #   #   69  68  67  66  65  64  63  62  61  60  59  58  57  56  55  54  53  52  51  50  49  48  47  46  45  44  43  42  41  40  39  #   37  36  #   36  #   32  31  30  29  28  27  26  #   24  23  22  #   20  19  18  17  #   15  14  15  #   11  10  9   8   7   8   9   10  11  12  13  14  #   16  17  18  19  20  21  #   27  26  25  26  27  28  29  30  #   32  33  34  35  #   37  #   39  40  41  42  #   44  45  #   47  48  49  50  51  52  53  #   59  60  #   58  59  60  61  62  63  64  65  66  67  68  69  70  71  72 
 73  72  71  70  69  68  67  66  65  64  63  62  61  60  59  58  #   56  55  54  53  52  51  50  49  48  47  46  45  44  43  42  41  40  41  #   37  36  35  34  33  32  31  #   #   #   27  28  #   24  23  22  21  20  19  18  17  16  15  #   15  #   11  10  9   8   9   10  11  12  13  14  15  16  17  18  19  20  21  #   25  26  #   #   27  28  29  30  31  32  #   #   35  #   39  38  39  40  41  42  43  44  #   46  47  48  49  50  51  #   #   #   #   58  59  60  59  60  61  62  63  64  65  66  67  68  69  70  71  72  73 
 74  73  72  71  70  #   68  67  66  65  64  63  62  61  60  59  58  57  56  55  54  53  52  51  50  49  48  47  46  45  44  43  42  41  40  39  38  #   36  35  #   33  #   .   #   29  28  29  30  #   24  #   22  21  20  19  18  17  16  15  14  13  12  11  #   9   10  11  12  #   14  15  16  17  18  19  20  21  22  23  24  25  26  27  28  29  30  31  32  33  #   #   36  37  38  39  #   41  42  43  44  45  46  47  48  49  50  51  52  53  54  55  56  57  58  59  60  61  62  63  64  65  66  67  68  69  70  #   72  73  74 
 75  74  #   72  71  70  69  68  67  66  65  64  63  62  61  #   59  #   57  56  55  #   53  52  51  50  49  48  47  46  45  44  43  #   41  40  39  38  37  36  35  34  35  #   31  30  29  30  31  32  #   24  23  22  21  20  19  18  17  16  15  14  13  12  11  10  11  12  #   #   15  #   17  18  19  #   21  22  23  24  25  26  27  28  29  30  31  32  33  34  35  36  37  38  39  40  41  42  43  #   #   46  47  #   49  50  51  52  53  54  55  56  57  58  59  60  61  62  63  64  65  66  67  68  69  70  71  72  73  74  75 
 76  75  74  73  72  71  70  69  68  67  66  65  64  63  62  63  #   59  58  57  56  55  54  #   52  51  50  49  #   47  46  45  #   #   42  41  #   39  38  37  36  35  34  33  32  #   #   31  32  #   28  #   #   23  22  #   20  19  18  17  16  15  14  #   12  11  12  13  14  15  16  17  #   19  20  21  22  23  24  25  26  27  28  #   30  31  32  33  34  35  36  37  38  39  40  41  42  43  44  45  #   47  48  49  50  51  52  53  54  55  56  57  58  59  60  61  62  63  64  65  66  67  68  69  70  71  72  73  74  75  76 
 77  76  75  74  73  72  71  70  69  68  67  66  65  64  63  62  61  60  59  58  57  56  55  54  53  52  51  50  49  48  47  46  47  #   43  42  #   #   #   38  37  36  35  34  33  34  33  32  33  #   27  26  25  24  23  #   #   20  19  18  17  16  15  14  13  12  13  14  15  #   #   18  19  20  21  22  #   #   25  26  27  28  29  30  31  #   33  #   35  #   37  38  39  40  #   42  43  #   45  46  47  48  49  50  51  52  53  54  55  56  57  #   59  60  #   62  63  64  65  66  67  68  69  70  71  72  73  #   75  76  77 
 78  77  #   75  74  73  #   71  70  69  68  67  66  65  64  63  62  61  60  59  58  #   56  55  54  53  52  51  50  49  48  47  48  49  #   #   #   41  40  39  38  37  36  35  34  35  34  33  #   31  #   27  #   25  #   25  24  #   20  19  18  17  #   15  #   13  14  #   16  17  18  #   20  21  22  23  24  #   26  27  28  29  30  31  32  33  34  35  36  37  38  39  40  41  42  43  44  45  46  47  48  49  50  51  #   53  54  55  56  #   58  59  60  61  62  63  64  65  66  67  68  #   70  #   72  73  #   77  76  #   78 
 79  #   79  #   #   #   73  72  71  #   69  68  67  66  65  64  63  62  #   60  59  58  57  56  55  54  53  52  51  50  49  48  49  #   .   #   43  42  41  40  39  38  37  36  #   34  33  32  31  30  29  28  #   26  25  24  23  22  21  20  #   18  17  16  15  14  15  16  17  18  #   22  21  22  23  24  #   28  27  28  #   30  31  #   #   #   35  36  37  #   #   40  41  #   #   44  45  #   47  48  49  50  #   52  #   54  55  56  57  58  59  #   61  62  63  64  65  66  67  68  69  #   71  72  73  74  75  76  #   80  79 
 80  79  78  77  76  75  74  73  72  73  #   69  68  67  66  65  64  63  62  61  #   59  58  57  56  55  54  53  #   51  50  #   #   .   #   45  44  43  42  41  #   39  #   #   36  35  #   33  32  31  30  29  28  27  26  25  #   23  22  #   20  19  18  #   16  15  16  17  18  #   .   #   22  #   #   25  26  27  28  #   32  31  32  33  34  35  36  37  38  #   44  #   42  43  44  45  46  #   48  49  50  51  52  53  #   55  56  57  58  59  60  61  62  63  64  65  66  67  68  #   70  71  72  #   74  75  76  77  78  79  80 
 81  80  #   78  77  #   75  74  #   72  71  70  #   68  67  66  65  64  63  62  61  60  #   58  57  #   #   54  53  52  #   52  51  #   47  46  45  #   43  42  41  40  41  40  #   36  35  34  33  32  31  30  29  28  27  26  25  24  #   24  #   20  19  18  17  16  17  18  19  20  #   24  #   26  27  26  #   #   29  30  31  32  33  #   35  36  37  38  39  #   43  44  43  #   45  46  #   50  49  50  51  52  #   54  55  #   #   58  59  60  61  62  63  64  65  66  67  68  #   72  71  72  73  74  75  76  77  #   79  80  81 
 82  81  #   79  78  77  76  #   74  73  72  71  #   69  68  67  66  65  64  63  62  61  60  59  58  57  56  55  54  #   #   #   50  49  48  #   46  45  44  43  42  41  #   39  38  37  36  35  #   33  32  #   30  29  28  27  #   25  24  23  22  21  20  19  18  17  18  #   20  21  22  23  24  25  26  27  28  #   30  #   32  33  #   37  36  37  38  39  40  41  42  43  44  45  46  47  48  49  50  51  #   53  #   55  56  #   60  59  60  61  62  63  64  65  66  67  68  69  #   73  72  73  74  75  #   #   78  79  #   81  82 
 83  82  81  80  #   78  77  76  75  74  73  72  #   #   69  68  67  66  65  64  63  62  #   #   59  58  57  #   55  56  #   #   51  50  49  48  47  46  45  44  #   42  41  40  39  38  37  36  37  #   33  34  #   #   29  28  27  26  25  24  23  22  21  20  19  18  #   22  21  22  23  24  25  26  27  28  #   32  31  #   #   34  35  36  #   38  39  40  41  42  #   44  45  #   47  48  49  #   51  52  53  54  55  56  57  #   61  60  61  62  63  64  65  66  67  68  69  70  71  #   73  74  75  76  77  78  79  80  #   82  83 
 84  #   82  81  82  #   78  77  76  #   #   73  72  71  70  69  68  67  66  65  64  63  64  65  #   59  58  57  56  55  54  53  52  #   #   49  48  47  #   45  44  43  42  41  #   39  #   #   36  35  34  35  #   31  30  29  #   27  26  25  24  23  #   21  20  19  20  21  22  23  24  25  26  #   #   29  30  31  32  33  34  35  36  37  38  39  40  41  42  #   46  45  46  47  48  49  50  51  52  53  54  55  56  57  58  59  60  61  62  63  64  65  66  67  68  69  70  71  72  73  74  75  #   #   78  #   80  #   84  83  84 
 85  84  83  82  83  #   79  78  77  76  75  74  73  #   #   70  69  68  67  66  65  64  65  64  #   60  59  58  57  56  #   54  53  52  51  50  #   48  49  #   45  #   #   #   41  40  #   38  37  36  35  36  35  #   31  30  29  28  27  26  #   #   23  22  21  20  21  22  23  24  25  26  27  28  29  30  #   32  33  34  35  36  37  38  39  40  41  42  43  44  45  46  47  #   49  50  #   #   53  54  55  56  57  58  59  60  61  62  63  64  65  66  67  68  69  70  #   #   73  74  75  76  77  78  #   #   #   86  85  #   85 
 86  #   #   83  84  83  #   #   #   #   76  75  74  73  72  71  70  #   68  67  66  65  64  63  62  61  60  59  #   57  56  55  54  53  52  51  50  49  #   47  46  47  #   43  42  41  40  39  38  37  36  35  34  33  32  31  30  29  28  27  26  25  24  23  22  21  22  #   #   25  26  27  28  #   30  31  32  33  34  35  #   37  38  39  40  41  42  43  #   45  46  47  48  49  50  51  52  #   54  55  56  57  58  #   60  61  62  63  64  65  66  67  68  #   70  71  72  73  74  75  76  77  78  79  #   89  #   87  86  87  86 
 87  86  85  84  83  82  81  80  79  78  77  76  75  74  73  72  71  72  #   68  67  66  65  64  63  62  61  60  59  58  #   56  55  #   53  52  51  50  51  #   47  48  #   44  43  42  41  40  39  38  37  #   35  34  33  32  31  30  29  28  27  26  25  24  23  22  23  24  25  26  27  #   29  30  31  32  33  34  35  36  37  38  39  40  #   42  43  44  45  46  47  48  49  50  51  #   53  54  #   56  #   58  59  60  61  62  63  64  65  66  67  68  #   72  #   72  73  74  75  #   77  78  79  80  #   88  87  88  87  88  87 
 88  87  86  85  84  83  82  81  #   79  78  #   76  75  74  73  72  71  70  69  68  67  66  65  64  63  62  61  60  59  58  57  56  55  54  53  52  51  50  49  48  47  46  45  44  43  42  41  #   39  38  37  36  35  34  33  32  31  30  29  28  27  26  25  24  23  24  #   26  #   28  29  30  31  32  33  34  35  36  37  38  39  40  41  42  43  #   45  46  #   48  49  50  51  #   59  #   55  56  57  58  59  60  61  62  63  64  65  66  67  68  69  70  71  72  73  74  75  76  77  #   79  80  81  82  #   86  87  88  89  88 
 89  #   87  86  85  84  83  82  81  80  79  78  77  76  75  74  #   #   71  70  69  68  67  66  65  64  63  62  61  60  59  58  #   #   55  #   #   52  51  50  49  #   #   46  45  #   #   42  41  40  #   38  37  36  #   #   33  32  31  30  29  28  #   #   25  24  25  26  27  28  #   30  31  32  33  34  35  #   37  38  39  40  41  42  43  44  45  46  #   50  49  50  51  #   59  58  57  56  57  58  59  60  61  62  63  64  65  66  67  68  69  70  71  72  73  74  75  76  77  78  79  80  81  82  83  84  85  86  #   90  89 
 90  #   88  87  86  85  #   83  82  81  80  79  #   77  76  75  76  #   #   71  70  69  68  67  66  65  64  63  62  61  60  59  60  #   56  #   #   53  52  #   #   49  48  47  #   45  44  43  42  41  40  39  #   37  #   #   34  33  32  31  30  29  30  #   #   25  26  #   28  29  30  31  32  33  34  35  36  37  38  39  40  #   42  #   44  45  46  47  48  #   50  51  52  #   60  59  58  57  58  59  #   61  62  63  64  65  66  67  68  69  70  71  72  #   74  75  76  77  78  79  80  81  82  83  #   #   86  87  88  89  90 
 91  90  89  88  87  86  85  84  83  82  81  80  79  78  77  76  77  78  #   #   71  70  69  68  67  66  65  64  63  62  61  60  #   58  57  58  #   #   53  52  51  50  49  48  47  46  45  44  43  42  41  40  39  38  39  #   35  34  33  #   31  #   #   28  27  26  #   30  29  30  31  32  33  34  35  36  #   38  39  40  41  #   43  44  45  46  #   48  49  50  51  #   53  54  #   60  59  58  59  60  #   62  63  64  65  66  67  68  69  #   71  72  73  74  75  76  77  78  79  80  #   82  83  84  #   88  #   88  89  #   91 
 92  #   #   89  88  87  86  85  84  83  #   81  80  79  78  77  78  77  76  #   72  #   70  69  68  67  66  65  64  63  62  #   60  59  58  57  56  55  54  53  52  51  50  49  48  47  46  45  44  43  42  41  40  39  #   39  #   35  34  #   32  #   30  29  28  27  28  29  30  31  #   33  34  35  36  37  38  39  40  41  42  43  44  45  46  47  48  49  50  51  52  53  #   55  #   59  60  59  60  61  62  63  64  65  66  67  68  69  #   #   #   73  74  75  76  77  78  79  80  #   86  #   84  85  86  87  88  89  90  91  92 
 93  #   91  90  89  88  87  86  85  84  83  82  #   80  79  78  79  #   75  74  73  72  71  #   69  68  67  66  65  64  63  62  61  60  59  #   57  56  55  54  #   52  51  50  49  48  47  46  45  44  43  #   #   #   39  38  37  36  35  34  33  32  31  30  29  28  29  30  31  32  #   34  #   36  #   38  39  40  #   42  #   #   45  46  47  48  49  50  #   52  53  54  55  56  57  58  59  60  61  62  63  64  65  66  67  68  69  70  #   76  75  74  75  #   77  78  79  80  81  #   85  86  85  86  87  88  89  #   91  92  93 
 94  93  92  #   90  89  88  87  #   85  84  #   82  81  #   79  78  77  76  75  74  73  #   73  #   69  68  67  66  65  64  63  62  61  60  59  58  57  56  #   54  53  52  51  50  49  48  47  #   45  44  43  42  41  40  39  38  #   #   #   34  #   32  31  30  29  30  #   32  33  34  35  #   37  38  39  #   41  42  43  44  45  #   #   48  49  50  51  52  53  54  55  56  57  58  59  60  61  62  63  64  65  66  67  68  69  70  #   76  77  76  75  #   79  78  79  80  81  82  83  84  85  86  87  #   89  90  91  92  #   94 
 95  94  #   92  91  90  89  88  87  86  85  84  83  82  81  80  79  78  77  76  75  74  73  72  71  70  69  68  67  66  65  64  63  62  61  60  #   58  57  56  55  54  #   #   #   50  49  48  47  46  45  #   43  42  41  40  39  40  #   #   35  34  33  #   31  30  31  #   33  34  35  36  37  38  39  #   43  42  43  44  45  46  47  48  49  50  51  52  #   #   55  56  57  58  59  #   61  62  63  64  65  66  67  68  #   70  #   74  75  76  77  76  77  78  79  80  81  82  83  84  85  86  87  88  89  90  91  92  93  94  95 
 96  #   94  93  92  91  90  89  88  87  86  85  84  #   82  81  80  79  #   77  76  75  74  73  72  #   70  69  68  67  66  65  64  63  62  61  60  59  58  57  56  55  54  53  52  51  50  49  48  #   46  45  44  43  42  41  40  41  #   #   36  35  34  33  32  31  32  33  #   35  36  37  38  39  40  41  42  43  #   45  46  47  48  49  #   51  52  53  54  55  #   57  58  59  60  #   62  63  64  65  66  67  68  69  70  71  72  73  #   #   #   77  78  #   80  81  82  #   84  #   86  87  88  89  #   91  92  93  94  95  96 
 97  96  95  94  93  92  91  #   89  #   87  86  85  84  83  82  #   80  #   78  77  76  75  74  73  72  71  70  69  68  67  66  65  64  63  62  61  60  59  #   57  #   #   54  53  52  51  50  49  48  47  46  45  44  43  42  41  42  43  #   37  #   35  34  33  32  33  34  35  36  37  38  39  #   41  42  43  44  45  46  47  48  49  50  51  #   53  #   55  56  57  #   #   60  61  62  63  64  65  66  67  68  69  70  71  72  73  74  75  76  77  78  79  80  81  82  83  #   85  86  87  88  89  90  91  92  93  94  95  96  97 
 98  97  96  95  #   93  92  91  90  89  88  #   86  85  84  83  #   81  80  79  78  77  76  75  #   73  72  71  70  69  68  67  66  65  64  63  62  61  60  59  58  57  56  55  54  53  #   51  #   49  48  #   46  45  44  43  42  43  44  45  #   37  36  35  34  33  34  35  36  37  38  #   40  41  #   43  44  #   46  47  48  49  50  51  52  #   54  #   56  57  58  59  60  61  62  63  64  65  66  67  68  69  #   71  72  73  74  75  76  #   78  79  80  81  82  83  84  85  86  87  88  89  90  91  #   93  94  95  96  97  98 
 99  98  97  96  97  #   93  92  91  90  89  90  #   86  85  84  83  82  81  80  #   78  77  76  75  74  73  72  71  70  69  68  67  66  65  64  63  62  61  60  59  #   57  56  55  54  53  52  53  #   49  50  #   46  45  44  #   #   #   #   45  #   #   36  35  34  35  #   37  38  39  #   41  #   45  44  45  46  47  48  49  #   #   52  53  54  #   58  #   58  59  60  61  62  63  64  65  66  67  68  #   70  71  72  73  74  75  76  77  78  79  80  81  82  83  #   85  86  87  88  89  90  91  92  93  94  #   96  97  98  99 
100  99  #   97  96  95  94  93  92  91  90  91  #   87  86  85  84  83  82  81  82  #   #   77  76  75  74  #   72  71  70  69  68  67  66  65  64  63  62  61  60  #   #   57  #   55  #   53  52  51  50  49  48  47  46  45  #   47  46  45  44  #   #   37  36  35  36  37  38  39  40  #   42  43  #   45  46  47  48  49  50  51  52  53  54  55  56  57  58  59  60  61  62  63  64  65  66  67  68  #   72  71  72  #   74  #   76  77  #   79  80  81  82  #   84  85  86  87  88  89  90  91  92  93  94  95  96  97  98  99 100 
101  #   99  98  97  96  #   94  93  #   91  #   #   88  87  86  85  84  83  82  #   82  81  #   77  76  #   74  73  72  #   #   69  68  67  66  65  64  63  62  61  60  59  58  #   #   .   #   #   52  51  #   49  48  #   46  47  46  45  44  43  #   41  #   #   36  37  38  39  40  41  42  #   44  45  46  47  48  49  50  51  52  53  54  55  56  57  58  59  60  #   62  63  64  65  66  67  68  69  70  71  72  73  74  75  76  77  78  79  80  81  82  83  #   #   86  87  88  89  90  #   92  93  94  95  96  97  98  99  #  101 
102 101 100  99  98  97  96  95  94  93  92  91  90  89  88  87  86  85  #   83  82  81  80  79  78  77  76  75  #   73  72  71  70  69  68  67  66  65  64  63  62  #   60  59  60  #   #   55  54  53  52  51  50  49  48  47  46  45  44  43  42  41  40  39  38  37  38  39  40  #   42  43  44  45  46  47  48  49  50  51  52  53  54  55  56  #   58  59  60  61  62  63  64  65  66  67  68  #   70  71  72  73  74  75  76  77  78  79  80  81  82  83  84  85  #   87  88  89  90  91  #   93  94  95  96  #   98  #  100 101 102 
103 102  #  100  99  98  97  96  95  #   #   92  91  90  89  88  87  86  85  84  83  82  81  #   79  78  77  76  75  74  73  #   71  #   69  68  67  66  65  64  63  62  61  60  59  58  57  56  55  54  #   52  51  50  49  48  #   46  45  44  43  42  41  40  39  38  39  40  41  42  43  44  45  46  47  48  49  50  51  52  53  54  55  #   57  58  #   60  61  62  63  64  65  66  67  68  69  70  71  72  73  74  75  76  77  78  #   80  81  82  83  #   85  86  87  88  #   90  91  92  93  94  95  96  97  98  #  102 101 102 103 
104  #   .   #  100  99  98  97  96  95  94  93  #   91  90  89  88  #   86  85  #   #   82  83  #   79  78  77  76  75  #   77  #   71  70  69  68  67  66  65  64  63  62  61  60  59  58  57  #   55  54  53  52  51  50  49  #   #   46  45  #   43  42  41  40  39  40  41  42  43  #   45  46  47  48  49  #   51  52  53  54  55  56  57  58  #   62  61  62  63  64  65  66  67  68  69  70  71  72  73  74  #   #   77  78  79  80  81  82  83  84  85  86  87  88  89  90  91  92  93  94  95  96  97  98  99 100 101 102 103 104 
105 106  #  102 101 100  99  98  97  96  95  94  #   #   91  90  89  88  87  86  85  84  83  82  81  80  79  78  77  76  77  76  75  #   71  #   69  68  67  66  65  64  63  62  #   #   59  58  57  56  55  54  #   52  #   50  49  48  47  46  45  44  #   #   41  40  41  42  43  44  #   #   47  #   49  50  #   52  53  54  55  #   57  #   59  #   63  62  63  64  65  66  67  68  69  70  71  #   73  74  #   #   79  78  79  80  81  82  83  84  85  86  87  88  89  90  91  92  93  94  95  #   97  98  99 100 101 102 103  #  105 
106 105 104 103  #  101  #   99  #   #   96  95  94  93  92  #   #   #   88  87  #   85  84  83  82  81  80  79  78  77  78  #   74  73  72  73  #   69  68  67  66  65  64  63  62  61  60  59  58  57  56  #   56  #   #   #   50  49  48  47  #   45  44  43  42  41  42  #   #   45  46  47  48  49  50  51  52  53  54  55  56  57  #   #   60  61  62  63  64  65  66  67  68  69  70  #   72  73  74  75  76  77  78  79  #   81  82  83  84  85  86  87  88  89  90  91  #   93  94  95  96  97  98  99 100 101 102 103  #   #  106 
107  #  105 104 105  #   #  100 101  #   97  96  95  94  93  94  #   #   89  88  87  86  #   84  83  82  81  80  79  78  79  #   #   74  #   72  71  70  69  68  67  66  65  64  63  62  61  60  59  #   57  56  55  54  53  52  51  #   #   48  49  #   45  44  43  42  43  #   47  46  47  48  #   #   51  52  53  54  55  56  57  58  59  60  61  62  63  64  65  66  67  68  69  70  71  #   73  74  75  #   #   78  79  #   83  82  83  84  85  86  87  88  89  90  91  92  #   94  95  96  97  98  99 100 101 102 103  #  107 108 107 
108 107 106 105  #  103 102 101  #   99  98  97  96  95  94  93  92  91  90  #   88  87  86  85  84  83  82  81  80  79  80  #   78  #   76  #   72  71  70  69  68  67  66  65  64  63  62  61  60  61  #   #   56  #   54  #   52  51  50  49  50  #   #   #   44  43  44  45  46  47  48  49  50  51  52  53  54  55  56  57  58  59  #   61  62  63  64  65  66  67  68  69  70  71  72  73  #   75  76  77  78  #   80  81  82  83  84  #   #   #   #   89  90  91  92  93  94  95  96  97  98  99 100 101 102 103 104 105 106 107 108 
109 108 107 106 105 104 103 102  #  100  99  #   97  96  95  94  93  92  91  90  89  #   #   #   85  84  83  82  81  80  79  78  77  76  75  74  73  72  71  70  69  68  67  66  65  64  63  62  #   62  #   58  57  #   55  54  53  52  51  50  51  50  49  48  #   44  45  46  47  48  49  50  51  52  53  54  55  56  57  58  59  60  61  62  63  64  65  66  67  68  69  70  71  72  #   74  75  76  #   78  79  80  81  82  83  #   85  86  87  88  89  90  91  92  93  94  95  96  97  #   #  100 101 102 103 104 105 106 107 108 109 
110 109 108 107 106  #  104 103 104  #  100  99  98  97  96  95  94  93  92  91  90  91  92  #   86  85  84  83  82  #   80  79  78  77  #   75  74  73  #   71  70  69  68  67  66  65  64  63  62  61  60  59  58  #   #   55  #   #   52  51  50  49  48  47  46  45  #   47  48  #   50  51  52  #   #   55  56  57  58  59  #   61  62  63  64  65  66  67  68  69  70  71  72  73  74  75  #   77  78  79  80  81  82  83  84  85  86  87  88  89  90  #   92  93  94  95  #   97  98  99  #  101 102 103 104  #  106 107 108 109 110 
111 110 109 108  #  108  #  104 103 102 101 100  99  98  97  96  95  94  #   92  91  92  #   90  #   #   85  84  83  82  81  #   #   78  77  76  75  #   75  #   71  70  69  68  67  66  65  64  63  62  61  #   #   58  57  56  57  #   53  52  51  50  49  #   47  46  47  48  49  50  51  52  53  54  55  56  57  58  59  60  61  62  63  64  65  66  67  68  69  70  71  72  73  74  75  #   79  #   79  #   81  82  83  #   85  86  87  88  89  #   91  92  #   94  95  96  97  98  99 100 101  #  103 104 105 106 107 108 109 110 111 
112 111 110  #   #  107 106 105 104 103 102 101 100  99  98  97  96  95  94  93  92  91  90  89  88  87  86  85  84  83  82  83  #   #   78  77  #   #   74  73  72  71  70  69  68  67  66  65  64  63  62  61  60  59  58  #   #   55  54  53  52  #   50  49  48  47  48  49  50  51  #   53  54  55  56  57  #   59  60  61  62  63  64  65  66  67  68  69  #   71  72  73  74  #   76  77  78  79  80  #   82  83  84  85  86  87  88  89  90  91  92  93  #   #   96  97  98  99 100 101 102  #  104 105 106 107 108 109 110 111 112 
113 112 111 110 109 108 107 106 105 104 103 102  #  100  99  98  97  96  #   94  93  92  91  90  #   88  87  86  85  84  83  #   #   80  79  78  77  76  75  74  73  72  71  70  69  68  67  66  65  64  63  62  61  60  59  58  57  56  55  54  53  52  51  50  49  48  49  50  51  52  53  54  55  56  57  58  #   60  61  62  63  64  65  66  67  68  #   70  71  72  73  74  #   78  77  78  79  80  81  #   83  84  85  86  87  88  89  90  91  92  93  94  #   98  97  98  99 100 101 102 103  #  105  #  107  #  109 110 111 112 113 
114 113 112 111 110 109  #   #  106 105 104  #  102 101 100  99  #   97  96  95  #   93  92  91  #   89  88  87  86  85  84  85  #   81  80  79  78  77  76  75  74  73  72  71  70  69  68  67  66  65  64  63  62  61  60  59  58  57  56  55  #   53  52  #   50  49  50  #   52  #   54  55  56  57  58  59  60  61  62  63  64  65  66  67  68  69  #   71  72  73  74  75  76  77  78  79  80  #   82  83  84  #   86  #   #   89  90  91  92  93  94  95  96  97  98  #  100 101 102 103  #   #  106  #  108 109 110 111 112 113 114 
115 114 113 112 111  #  109 108 107  #  105  #  103 102  #   #   #   98  #   96  #   94  93  92  91  90  89  88  87  86  #   86  #   82  81  80  79  78  77  76  75  74  73  #   71  70  69  68  67  66  65  64  63  62  61  #   59  58  57  56  57  #   53  52  51  50  51  52  53  54  55  56  57  58  59  60  61  62  63  64  65  66  67  68  69  70  71  72  73  74  75  #   77  78  #   80  #   84  83  84  85  #   87  #   91  90  91  92  93  #   95  96  97  98  99  #  101 102  #  104 105 106 107 108 109  #  111 112 113 114 115 
116  #  114 113 112 111 110  #  108 107 106  #  104 103 102 101 100  99  98  97  96  95  94  93  92  91  90  89  88  87  88  87  #   83  82  81  80  79  78  77  76  75  74  73  72  71  70  69  68  67  66  65  64  63  62  61  60  59  58  57  56  55  54  53  #   51  52  53  54  55  #   57  58  59  60  61  62  63  64  65  66  67  68  69  #   71  #   #   74  75  76  77  78  #   #   #   #   85  84  #   #   89  88  89  90  91  #   93  #   #   #   97  98  99 100  #  102 103  #  105 106 107 108 109 110 111 112 113 114 115 116 
117 116 115 114  #  112 111 112  #  108 107 106 105 104 103 102 101 100  99  98  97  96  #   94  #   92  91  90  89  #   87  86  85  84  83  #   81  80  #   78  77  #   75  74  73  #   71  70  69  68  67  66  65  64  63  62  61  60  59  #   57  56  55  54  53  52  53  54  55  56  57  58  59  60  61  62  63  64  65  66  67  68  69  #   73  #   75  76  75  76  77  78  79  80  #   84  85  #   85  86  87  #   89  90  91  92  93  94  95  96  97  98  99 100 101 102 103 104 105  #  107 108 109  #  111  #  113 114 115  #  117 
118 117 116 115 114 113 112 111 110 109  #  107 106  #  104 103 102  #  100  99  98  97  98  #   94  93  92  91  90  89  88  87  86  85  #   83  82  81  #   79  78  77  76  #   74  #   72  71  70  69  68  67  66  65  64  63  62  61  60  59  58  57  56  55  54  53  54  #   56  57  58  59  60  61  62  63  64  65  66  67  68  69  70  71  72  73  74  75  76  77  78  79  80  81  82  83  #   87  86  87  88  #   90  #   92  93  94  95  96  97  #   99  #  101 102 103 104 105 106 107 108 109 110 111 112 113  #  115 116 117 118 
119 118  #   #  115 114 113 112 111  #  109 108 107  #  105 104 103 102 101 100  #   98  #   96  95  94  93  #   91  90  89  88  #   86  #   #   83  #   81  80  79  78  #   76  75  74  73  72  71  #   69  68  67  66  65  64  63  62  #   #   59  58  57  56  55  54  55  56  #   58  59  60  61  62  63  64  65  66  67  68  #   70  71  #   73  74  75  76  77  78  79  80  #   82  83  84  85  86  87  #   89  #   91  92  93  94  95  96  97  98  99 100 101 102 103 104 105 106 107 108 109 110 111  #  113  #  117 116 117 118 119 
120 119 118 117 116 115  #  113 112 113  #   #   #   #  106 105 104 103 102 101 102  #   98  97  96  95  94  95  #   91  90  #   #   87  88  #   #   #   82  81  80  79  78  77  76  #   74  73  72  71  70  69  68  67  66  65  64  63  62  61  60  #   58  57  56  55  56  57  58  59  #   61  62  63  64  65  66  67  68  69  #   71  72  73  74  #   76  #   78  79  80  81  82  83  84  85  86  87  88  89  90  #   #   93  94  95  96  97  98  99 100  #   #  103 104  #  106  #  108 109 110 111 112 113  #  117 118 117 118 119 120 
121 120 119 118  #   #  123  #   #  112 111 110 109 108 107 106 105 104 103  #  103  #   99  #   97  #   95  #   93  92  #   90  89  88  89  88  #   #   83  82  81  80  79  78  77  76  75  74  73  72  71  70  69  68  67  66  65  64  63  62  #   60  59  58  57  56  #   58  #   60  61  62  63  64  65  66  67  68  69  70  71  72  73  74  75  76  77  78  79  80  81  #   83  84  85  86  #   88  89  90  91  92  93  94  95  96  97  98  99 100 101 102 103 104  #  108 107 108 109 110 111 112 113 114 115 116  #  118 119 120 121 
122 121 120 119 120 121 122  #  114 113  #   #  110  #  108  #  106 105  #   #  102 101 100  #   98  97  96  95  94  93  92  91  90  89  88  87  86  85  84  83  82  81  80  79  78  77  76  75  74  73  72  #   70  69  68  67  66  65  64  63  62  61  60  59  58  57  58  59  60  61  62  63  64  65  66  67  68  69  70  71  #   73  74  75  76  #   #   79  80  81  82  83  84  85  #   87  88  89  90  91  92  93  94  #   96  97  98  99 100 101  #  103 104 105 106 107 108 109 110 111 112  #  114  #  116 117 118 119 120 121 122 
123 122 121 120 121  #  123  #   #  114 113 112 111 110 109 110  #  106 105 104 103 102 101 100  99  98  97  96  95  94  93  92  91  #   89  88  87  #   85  84  83  82  81  80  79  78  #   76  75  74  #   72  71  70  69  68  67  66  65  64  63  62  61  60  59  58  59  60  61  62  63  64  65  66  67  68  69  70  71  72  #   74  75  #   77  78  79  80  81  82  83  84  #   86  87  88  89  90  91  #   #   #   95  #   #   #   99 100 101 102  #  104 105 106  #   #  109 110 111 112 113 114 115 116 117 118 119 120 121  #  123 
124 123 122 121 122 123 122  #  116 115 114 113 112 111 110 109 108 107 106 105  #   #  102 101 100  99  98  97  96  95  94  93  #   #   90  89  #   89  #   85  84  83  82  81  #   79  78  77  76  75  74  73  72  71  70  69  68  67  66  65  64  63  62  61  #   59  60  61  62  63  64  65  66  67  68  69  70  71  72  73  74  75  76  77  78  79  80  81  82  83  84  85  86  87  88  89  90  #   92  93  #   97  96  97  #  101 100 101  #  103 104 105 106 107 108 109 110  #  112 113 114 115  #  117 118 119 120 121 122  #  124 
125  #  123  #  123  #  121  #  117 116  #  114 113 112  #  110 109 108 107 106 105 104 103 102 101 100  #   98  #   96  95  94  95  94  #   90  89  88  87  86  85  84  83  82  81  80  79  78  77  76  75  74  73  72  #   70  #   68  67  66  65  64  63  62  61  60  61  62  63  64  65  66  67  68  69  70  71  72  73  #   75  76  77  78  79  80  #   #   83  84  85  86  87  #   89  90  91  92  93  94  95  96  97  98  99 100 101 102 103 104 105 106  #  108 109 110  #   #  113 114  #  116  #  118 119 120 121 122 123 124 125 
126 125 124 123 122 121 120 119 118 117 116 115  #  113 112 111 110 109 108 107 106 105 104 103 102 101 100  99  #   97  96  95  #   93  92  91  90  89  88  87  86  #   #   83  82  81  80  #   78  77  #   75  74  73  72  71  70  69  68  67  66  65  64  63  62  61  62  63  64  65  66  67  68  69  70  71  72  73  #   77  #   77  78  #   80  81  82  83  84  #   86  #   #   91  90  91  92  93  94  95  96  97  98  99 100 101 102 103 104 105  #  107 108 109  #  111 112 113 114  #  118 117 118 119 120 121  #  123 124 125 126 
127 126 125 124 123  #  121 120 119 118 117 116 117  #  113 112 111 110 109 108 107 106 105 104 103 102 101 100  99  98  97  96  95  94  93  92  91  90  89  88  87  88  87  #   83  82  81  80  79  78  #   76  75  #   73  #   71  70  #   68  67  66  65  64  63  62  63  64  65  66  67  68  69  70  71  72  73  74  75  76  #   78  79  80  81  82  83  84  85  86  87  88  #   92  91  92  #   94  95  96  97  98  99 100 101  #  103  #  105 106 107 108 109 110 111 112  #  114 115 116 117  #  119 120 121 122 123 124 125 126 127 
128  #  126  #   #  123 122  #  120 119 118 117 116 115 114 113 112 111 110 109  #  107 106  #  104 103 102 101 100  99  98  97  96  95  94  93  92  91  90  89  88  87  86  85  84  83  82  81  80  79  78  77  76  75  74  73  72  71  70  69  68  67  66  65  64  63  64  65  66  67  68  69  70  #   72  73  74  #   76  77  #   #   #   81  82  83  84  85  86  87  88  89  90  91  92  93  94  95  96  #   #   99 100 101 102 103 104 105 106  #   #  109  #  111 112  #  116 115 116 117 118 119  #  121 122 123 124 125 126  #  128 
129 128 127 126 125 124 123 122 121  #  119 118 117 116 115 114 113 112 111 110 109 108 107 106 105  #   #  102 101 100  99  98  97  #   95  94  93  92  91  90  89  88  87  86  85  84  #   82  81  80  79  78  #   76  75  74  73  72  71  70  69  68  67  66  65  64  65  66  67  68  69  70  71  72  73  74  75  76  77  78  #   82  83  82  83  84  85  86  87  88  89  90  91  92  #   #   95  #   97  #  101  #  101 102 103 104 105 106 107  #   #   #  113 112 113 114 115  #  117 118 119 120 121 122 123 124 125 126  #  130 129 
130 129 128 127 126 125 124 123 122 121 120 119 118 117 116 115 114 113 112 111 110 109 108 107 106 105 104 103 102 101 100  99  98  97  96  95  94  93  92  91  90  89  88  87  86  85  84  83  82  81  80  79  78  77  76  75  74  73  72  71  70  69  68  67  66  65  66  67  68  69  70  71  72  73  74  75  76  77  78  79  80  81  82  83  84  85  86  87  88  89  90  91  92  93  94  95  96  97  98  99 100 101 102 103 104 105 106 107 108 109 110 111 112 113 114 115 116 117 118 119 120 121 122 123 124 125 126 127 128 129 130 